,algorithm,method,err_tr,err_R,abs_tr,abs_R,T
0,Park,A1,0.26956073131046004,1.4740122411025667,0.37143678976993894,0.6492575837339422,"[[ 0.06199037 -0.68432198 -0.72654017 -0.47994912]
 [ 0.98761967 -0.06303992  0.14364313  0.03706246]
 [-0.14409918 -0.72644986  0.67194198  0.20697565]
 [ 0.          0.          0.          1.        ]]"
1,Taylor,A1,0.2695607313104612,1.4740122411025671,0.37143678976994055,0.649257583734044,"[[ 0.06199037 -0.68432198 -0.72654017 -0.47994912]
 [ 0.98761967 -0.06303992  0.14364313  0.03706246]
 [-0.14409918 -0.72644986  0.67194198  0.20697565]
 [ 0.          0.          0.          1.        ]]"
2,Zhuang,A1,0.21077893308523907,3.5984091154451954,0.365329384017966,3.5624076722940035,"[[ 0.0130107  -0.6958675  -0.71805232 -0.5253106 ]
 [ 0.99548852 -0.05848371  0.0747145  -0.10618245]
 [-0.09398575 -0.71578493  0.6919672   0.14639206]
 [ 0.          0.          0.          1.        ]]"
3,DNL,A1,0.20557802884896667,3.279236266322951,0.3402521049997758,5.00175014252477,"[[-0.0178333  -0.70348504 -0.71048629 -0.53252145]
 [ 0.99518079 -0.08101717  0.05523965 -0.14706824]
 [-0.09642185 -0.70607721  0.7015396   0.16546232]
 [ 0.          0.          0.          1.        ]]"
4,DNLO,A1,0.21551023234327524,3.0098511267009926,0.2635678768772465,7.069788199196302,"[[-0.05744102 -0.71050294 -0.70134592 -0.54476091]
 [ 0.99318604 -0.11202024  0.03213976 -0.16041995]
 [-0.10140033 -0.69472084  0.71209615  0.24789693]
 [ 0.          0.          0.          1.        ]]"
5,Ali,A1,0.39618353086320957,9.9899173992623,0.2989888264608171,12.041399153958057,"[[-0.12388022 -0.63257347 -0.76452894 -0.32450663]
 [ 0.99122709 -0.11465807 -0.06574476 -0.2325839 ]
 [-0.04607102 -0.76596627  0.64122783  0.22566173]
 [ 0.          0.          0.          1.        ]]"
6,Park,B1,0.043008891418059345,1.9030201307715862,0.18947038769360675,2.3684409095568295,"[[ 0.01440074 -0.67936912 -0.73365538 -0.52270662]
 [ 0.99182528 -0.08333262  0.09663478 -0.26236623]
 [-0.12678811 -0.72904957  0.67261542  0.32745719]
 [ 0.          0.          0.          1.        ]]"
7,Taylor,B1,0.043008891418059345,1.903020130771585,0.18947038769360827,2.3684409095570333,"[[ 0.01440074 -0.67936912 -0.73365538 -0.52270662]
 [ 0.99182528 -0.08333262  0.09663478 -0.26236623]
 [-0.12678811 -0.72904957  0.67261542  0.32745719]
 [ 0.          0.          0.          1.        ]]"
8,Zhuang,B1,0.05173949513869128,2.081501927066181,0.2408369927697409,23.760615422776972,"[[ 0.449383   -0.64256844 -0.62061318 -0.56737329]
 [ 0.88387839  0.21897512  0.41329032 -0.00707207]
 [-0.12966847 -0.73427222  0.66635605  0.40043819]
 [ 0.          0.          0.          1.        ]]"
9,DNL,B1,0.04313765571444323,1.9130507709429807,0.20226809281537264,4.149693813905397,"[[-0.01129559 -0.67838403 -0.73462066 -0.51887617]
 [ 0.99424775 -0.08587211  0.06401081 -0.2770364 ]
 [-0.10650734 -0.7296719   0.67545178  0.31734009]
 [ 0.          0.          0.          1.        ]]"
10,DNLO,B1,0.0417314856596211,1.9030071831771118,0.11042462734288502,1.7486137673574205,"[[ 0.02595163 -0.67752803 -0.73503896 -0.4486671 ]
 [ 0.99144137 -0.07666545  0.10567128 -0.2313954 ]
 [-0.12794735 -0.73149038  0.66973973  0.38724506]
 [ 0.          0.          0.          1.        ]]"
11,Ali,B1,0.08311448451977738,3.5310822790674976,0.568574898116599,57.638255130548,"[[-0.76276501 -0.30344284 -0.57106215 -0.17487202]
 [ 0.64399397 -0.27609204 -0.71347386 -0.17513689]
 [ 0.05883282 -0.91197348  0.40600871 -0.00164376]
 [ 0.          0.          0.          1.        ]]"
12,Park,B5,0.10782122942152648,1.7325822441066747,0.07851561365098408,0.49887738304738727,"[[ 0.04616523 -0.68151676 -0.7303449  -0.48526255]
 [ 0.98996892 -0.06651806  0.12464702 -0.21877265]
 [-0.13353015 -0.72877312  0.67160959  0.42298957]
 [ 0.          0.          0.          1.        ]]"
13,Taylor,B5,0.10782122942152648,1.7325822441066754,0.07851561365098397,0.49887738304738727,"[[ 0.04616523 -0.68151676 -0.7303449  -0.48526255]
 [ 0.98996892 -0.06651806  0.12464702 -0.21877265]
 [-0.13353015 -0.72877312  0.67160959  0.42298957]
 [ 0.          0.          0.          1.        ]]"
14,Zhuang,B5,0.11145604812264717,1.7743636192777554,0.09507022906872119,1.698237973187009,"[[ 0.08258846 -0.68689129 -0.72205229 -0.49023198]
 [ 0.98754623 -0.04094572  0.15190753 -0.2199237 ]
 [-0.13390891 -0.72560582  0.67495525  0.40689984]
 [ 0.          0.          0.          1.        ]]"
15,DNL,B5,0.10716294777634494,1.8522634742361073,0.10147986617064989,3.2096818165612984,"[[ 0.00242397 -0.6859284  -0.727665   -0.47757492]
 [ 0.99329412 -0.08245935  0.08103857 -0.2455652 ]
 [-0.11558944 -0.7229818   0.68112877  0.40536567]
 [ 0.          0.          0.          1.        ]]"
16,DNLO,B5,0.10634760674957532,1.7416780569363746,0.014515303739139986,0.8007307462445754,"[[ 0.04544833 -0.67698617 -0.73459116 -0.45055121]
 [ 0.99061814 -0.06432805  0.12057201 -0.20747054]
 [-0.1288804  -0.73317913  0.66771117  0.48164957]
 [ 0.          0.          0.          1.        ]]"
17,Ali,B5,0.14042227142537145,3.452837807027777,0.2203434809704637,15.70837015914008,"[[-0.20455293 -0.63387992 -0.74589164 -0.37752278]
 [ 0.97654621 -0.18446171 -0.11104671 -0.23748846]
 [-0.06719817 -0.75111259  0.65674522  0.28992891]
 [ 0.          0.          0.          1.        ]]"
18,Park,B10,0.16549098686057348,1.7932962942890103,0.0669958557099323,0.3024157057043365,"[[ 0.05266099 -0.67905096 -0.73219984 -0.43549437]
 [ 0.98927127 -0.06457919  0.1310415  -0.21710838]
 [-0.13626873 -0.73124505  0.66836481  0.43110394]
 [ 0.          0.          0.          1.        ]]"
19,Taylor,B10,0.16549098686057395,1.7932962942890112,0.06699585570992926,0.3024157057042602,"[[ 0.05266099 -0.67905096 -0.73219984 -0.43549437]
 [ 0.98927127 -0.06457919  0.1310415  -0.21710838]
 [-0.13626873 -0.73124505  0.66836481  0.43110394]
 [ 0.          0.          0.          1.        ]]"
20,Zhuang,B10,0.16427309848693944,1.9479847659753278,0.09855918411469214,1.6172836057489244,"[[ 0.03244241 -0.69066017 -0.72245139 -0.42785309]
 [ 0.99198459 -0.06607047  0.10770913 -0.2596343 ]
 [-0.12212311 -0.720155    0.68298077  0.4197638 ]
 [ 0.          0.          0.          1.        ]]"
21,DNL,B10,0.16173192578982987,2.1572979806697985,0.11855020584056394,4.112656751043809,"[[-0.01393218 -0.68955681 -0.72409758 -0.42323383]
 [ 0.99318348 -0.09335644  0.06979358 -0.26365492]
 [-0.11572581 -0.71818938  0.68615709  0.39842251]
 [ 0.          0.          0.          1.        ]]"
22,DNLO,B10,0.16616099207388582,1.8064307136505744,0.031785448404212394,0.6256569110449635,"[[ 0.06210617 -0.67718725 -0.73318501 -0.43840943]
 [ 0.9890794  -0.05661704  0.13607516 -0.2057284 ]
 [-0.13365913 -0.73362929  0.66627569  0.46628058]
 [ 0.          0.          0.          1.        ]]"
23,Ali,B10,0.19527636800557507,4.197228981666878,0.20351677861100476,12.586195566057564,"[[-0.15660784 -0.66496563 -0.73027029 -0.35348932]
 [ 0.98452451 -0.16398326 -0.06181414 -0.26382979]
 [-0.07864782 -0.72864957  0.68035602  0.32849509]
 [ 0.          0.          0.          1.        ]]"
24,Park,C5,0.08256422382208364,1.7037684643209936,0.10550820812884995,2.619269658195156,"[[ 0.01869205 -0.66531676 -0.74632715 -0.54165123]
 [ 0.98845886 -0.0999391   0.1138475  -0.24669796]
 [-0.15033191 -0.73984173  0.65577018  0.45620971]
 [ 0.          0.          0.          1.        ]]"
25,Taylor,C5,0.08256422382208366,1.7037684643209936,0.10550820812885009,2.6192696581951815,"[[ 0.01869205 -0.66531676 -0.74632715 -0.54165123]
 [ 0.98845886 -0.0999391   0.1138475  -0.24669796]
 [-0.15033191 -0.73984173  0.65577018  0.45620971]
 [ 0.          0.          0.          1.        ]]"
26,Zhuang,C5,0.08989144415583718,2.0424414997009697,0.13265073148275783,9.220366707745459,"[[ 0.209841   -0.68804117 -0.69466978 -0.57523283]
 [ 0.96507701  0.03179779  0.26002936 -0.15644374]
 [-0.15682195 -0.72497466  0.67068519  0.45665022]
 [ 0.          0.          0.          1.        ]]"
27,DNL,C5,0.08255297468261209,1.7747383102452927,0.12295013948597024,4.948211283820153,"[[-0.02777866 -0.66599107 -0.74544232 -0.53446806]
 [ 0.99204299 -0.10997594  0.06128626 -0.27407081]
 [-0.12279682 -0.73780837  0.66374675  0.43653393]
 [ 0.          0.          0.          1.        ]]"
28,DNLO,C5,0.07776144666421034,1.7157964125506648,0.09407698779047997,2.3158278544344344,"[[ 0.02408818 -0.66392998 -0.74740668 -0.45259184]
 [ 0.98975666 -0.08939628  0.11131063 -0.23395051]
 [-0.14071784 -0.74243201  0.65497572  0.40531271]
 [ 0.          0.          0.          1.        ]]"
29,Ali,C5,0.11360629077149025,3.663866546659085,0.2566655345372335,28.29785067614353,"[[-0.39330364 -0.53276043 -0.74931874 -0.36547072]
 [ 0.91895812 -0.2533027  -0.30224776 -0.23861298]
 [-0.02877882 -0.80746769  0.5892094   0.25531995]
 [ 0.          0.          0.          1.        ]]"
30,Park,C10,0.13386989096453294,1.769677370961871,0.11650884617260962,1.0322437034213723,"[[ 0.04356836 -0.67282166 -0.73852069 -0.47673229]
 [ 0.98918702 -0.07456626  0.12628901 -0.26888696]
 [-0.14003871 -0.73603728  0.66229772  0.402     ]
 [ 0.          0.          0.          1.        ]]"
31,Taylor,C10,0.13386989096453278,1.7696773709618723,0.1165088461726102,1.0322437034213723,"[[ 0.04356836 -0.67282166 -0.73852069 -0.47673229]
 [ 0.98918702 -0.07456626  0.12628901 -0.26888696]
 [-0.14003871 -0.73603728  0.66229772  0.402     ]
 [ 0.          0.          0.          1.        ]]"
32,Zhuang,C10,0.13975371784731394,1.878813099907429,0.13920008565108483,1.7783675603439633,"[[ 0.08487818 -0.68339138 -0.72510131 -0.4777863 ]
 [ 0.98671244 -0.04353732  0.15653452 -0.27972809]
 [-0.13854331 -0.72875285  0.67061541  0.38156095]
 [ 0.          0.          0.          1.        ]]"
33,DNL,C10,0.13067139573016356,2.1342503566534163,0.17987887178444856,5.916510195128434,"[[-0.043716   -0.67624849 -0.73537534 -0.4602905 ]
 [ 0.99349578 -0.1068944   0.03923917 -0.32373584]
 [-0.10514293 -0.72887692  0.67652302  0.36312474]
 [ 0.          0.          0.          1.        ]]"
34,DNLO,C10,0.13092926915489667,1.800162345029527,0.15162297964731125,1.3870579639066691,"[[ 0.06263383 -0.6657205  -0.7435679  -0.47302432]
 [ 0.98858392 -0.06091384  0.13780905 -0.21484073]
 [-0.13703588 -0.74371078  0.65430531  0.34293706]
 [ 0.          0.          0.          1.        ]]"
35,Ali,C10,0.16823585518503026,5.18824966883783,0.3146503639343271,22.232230794397427,"[[-0.29691656 -0.60206999 -0.74118303 -0.3457478 ]
 [ 0.9548838  -0.19218    -0.22641506 -0.3197509 ]
 [-0.00612284 -0.77497004  0.63196831  0.22333494]
 [ 0.          0.          0.          1.        ]]"
36,Park,A1,0.4970848878158302,1.5295269107078004,0.6133286904823815,0.758913637973602,"[[ 0.58202362 -0.73378974  0.35042993  0.31679042]
 [ 0.23275643 -0.26258022 -0.93641661  0.17737494]
 [ 0.77914887  0.6265814   0.01796639  0.29794437]
 [ 0.          0.          0.          1.        ]]"
37,Taylor,A1,0.49708488781583043,1.5295269107078011,0.6133286904823818,0.758913637973653,"[[ 0.58202362 -0.73378974  0.35042993  0.31679042]
 [ 0.23275643 -0.26258022 -0.93641661  0.17737494]
 [ 0.77914887  0.6265814   0.01796639  0.29794437]
 [ 0.          0.          0.          1.        ]]"
38,Zhuang,A1,0.45001891568553737,15.878898615304035,0.5073719715109675,11.277431521619166,"[[ 0.72380312 -0.63423071  0.27177278  0.26779268]
 [ 0.13043518 -0.26100463 -0.95648484  0.19590863]
 [ 0.67756601  0.72775544 -0.10618997  0.16200095]
 [ 0.          0.          0.          1.        ]]"
39,DNL,A1,0.4618715334758971,5.3988958027741605,0.5886855769979505,4.338371203374519,"[[ 0.60924476 -0.73548122  0.29645944  0.30936394]
 [ 0.16094532 -0.25138549 -0.95441183  0.16182248]
 [ 0.77647757  0.62918417 -0.03478304  0.27368111]
 [ 0.          0.          0.          1.        ]]"
40,DNLO,A1,0.48881788697945444,2.4848868013488565,0.7384690139411999,2.854683555644983,"[[ 0.59038081 -0.74511478  0.31024904  0.324199  ]
 [ 0.19659702 -0.24005576 -0.95064339  0.0949879 ]
 [ 0.7828155   0.62223565  0.00476303  0.44088782]
 [ 0.          0.          0.          1.        ]]"
41,Ali,A1,0.3829762121743838,28.887184205021608,0.4713820071798838,22.11579405439276,"[[ 0.56757603 -0.80179576  0.18703211  0.30154877]
 [-0.14922302 -0.32358652 -0.93435767  0.15260034]
 [ 0.80968509  0.50240952 -0.30330633  0.14798149]
 [ 0.          0.          0.          1.        ]]"
42,Park,B1,0.04025398037754385,1.8565959234792926,0.16015207432442366,0.2270700891409003,"[[ 0.58947044 -0.72493771  0.35635646  0.41897472]
 [ 0.23083326 -0.2715851  -0.93432197 -0.02905138]
 [ 0.77410633  0.6330141   0.00724835 -0.14390154]
 [ 0.          0.          0.          1.        ]]"
43,Taylor,B1,0.04025398037754385,1.8565959234792913,0.16015207432442358,0.22707008914092575,"[[ 0.58947044 -0.72493771  0.35635646  0.41897472]
 [ 0.23083326 -0.2715851  -0.93432197 -0.02905138]
 [ 0.77410633  0.6330141   0.00724835 -0.14390154]
 [ 0.          0.          0.          1.        ]]"
44,Zhuang,B1,0.043197757412349574,1.961071990287163,0.21277326983154635,10.749263760970205,"[[ 0.65825331 -0.72951829  0.18575695  0.40241843]
 [ 0.14099235 -0.12291641 -0.98235061 -0.12174958]
 [ 0.73947531  0.67282584  0.02194637 -0.15585058]
 [ 0.          0.          0.          1.        ]]"
45,DNL,B1,0.040293035032229536,1.859615148608642,0.1636690950462481,1.2329565628219579,"[[ 0.59020836 -0.73386754  0.33629232  0.4185896 ]
 [ 0.21907349 -0.25534413 -0.94170387 -0.03753911]
 [ 0.77695618  0.62947423  0.01006468 -0.14439133]
 [ 0.          0.          0.          1.        ]]"
46,DNLO,B1,0.03855920990844142,1.8590934323001664,0.05127971941793081,0.5805898534354161,"[[ 0.58913259 -0.72946408  0.34757007  0.44474958]
 [ 0.22098329 -0.26829311 -0.93764876  0.02743207]
 [ 0.77723174  0.62920662  0.00313916 -0.23529109]
 [ 0.          0.          0.          1.        ]]"
47,Ali,B1,0.057579681246556935,3.587327408609622,0.26895980843850126,23.184441214352756,"[[ 0.37473332 -0.78062486  0.50019973  0.25003971]
 [ 0.03181726 -0.52836691 -0.84841975 -0.00934394]
 [ 0.92658653  0.33384613 -0.17315934 -0.11405377]
 [ 0.          0.          0.          1.        ]]"
48,Park,B5,0.1262711283881207,1.7807121098228829,0.14569179133326463,0.23016042887404137,"[[ 0.58853443 -0.72699648  0.3536995   0.4093139 ]
 [ 0.22980944 -0.26901204 -0.9353182  -0.02593329]
 [ 0.77512247  0.63175045  0.00874781 -0.16191159]
 [ 0.          0.          0.          1.        ]]"
49,Taylor,B5,0.12627112838812074,1.7807121098228824,0.14569179133326451,0.23016042887404137,"[[ 0.58853443 -0.72699648  0.3536995   0.4093139 ]
 [ 0.22980944 -0.26901204 -0.9353182  -0.02593329]
 [ 0.77512247  0.63175045  0.00874781 -0.16191159]
 [ 0.          0.          0.          1.        ]]"
50,Zhuang,B5,0.13067374461797995,1.9430444235517783,0.18558418655109718,2.5451251248221713,"[[ 0.59765516 -0.73565441  0.31878032  0.40699214]
 [ 0.22090706 -0.23111786 -0.94751496 -0.06999798]
 [ 0.77071939  0.63670803  0.02438247 -0.14216303]
 [ 0.          0.          0.          1.        ]]"
51,DNL,B5,0.12547685605917386,1.8397922212463198,0.1499512441323771,1.5730264883748175,"[[ 0.58800816 -0.73773225  0.33165876  0.40870585]
 [ 0.21881019 -0.24966638 -0.94328617 -0.0347691 ]
 [ 0.77869667  0.62723028  0.01461747 -0.16208726]
 [ 0.          0.          0.          1.        ]]"
52,DNLO,B5,0.11897181411316003,1.7848004211502326,0.012887772186073362,0.21945723727111152,"[[ 0.58713155 -0.72854797  0.35283764  0.45413598]
 [ 0.22811386 -0.26930223 -0.93564971  0.03377814]
 [ 0.77668566  0.62983662  0.00807605 -0.2734466 ]
 [ 0.          0.          0.          1.        ]]"
53,Ali,B5,0.12735097741677784,3.580647125737797,0.18354796003310742,6.47580349524656,"[[ 0.52184614 -0.79744304  0.30292112  0.39520227]
 [ 0.22259538 -0.21550734 -0.95079329 -0.04969611]
 [ 0.82348521  0.56359665  0.06504547 -0.13491854]
 [ 0.          0.          0.          1.        ]]"
54,Park,B10,0.21190506009087978,1.7475298530098837,0.15275774036356307,0.36534088174804813,"[[ 0.58811919 -0.7289525   0.35034849  0.41042819]
 [ 0.22530929 -0.268367   -0.9365975  -0.01440902]
 [ 0.77675706  0.62976774  0.00640799 -0.14800601]
 [ 0.          0.          0.          1.        ]]"
55,Taylor,B10,0.2119050600908798,1.7475298530098837,0.15275774036356296,0.36534088174802265,"[[ 0.58811919 -0.7289525   0.35034849  0.41042819]
 [ 0.22530929 -0.268367   -0.9365975  -0.01440902]
 [ 0.77675706  0.62976774  0.00640799 -0.14800601]
 [ 0.          0.          0.          1.        ]]"
56,Zhuang,B10,0.20635977977328165,3.314421728084455,0.20108847161316437,4.761033170481901,"[[ 0.56948199 -0.76656267  0.29676917  0.40972209]
 [ 0.22441941 -0.20232492 -0.95325786 -0.05435522]
 [ 0.79077569  0.60946395  0.05681114 -0.11212989]
 [ 0.          0.          0.          1.        ]]"
57,DNL,B10,0.20747047136946084,2.060223697609704,0.15743279031849775,2.133690443397368,"[[ 0.58184811 -0.74463845  0.32705713  0.40877196]
 [ 0.22272258 -0.24087596 -0.94465519 -0.02190296]
 [ 0.78220677  0.62248884  0.02569458 -0.14643128]
 [ 0.          0.          0.          1.        ]]"
58,DNLO,B10,0.2169628843096857,2.3287101375574397,0.06714657784067993,2.4876344054733504,"[[ 0.55457592 -0.73865938  0.38318125  0.43753667]
 [ 0.24612149 -0.29427557 -0.92348584  0.07048571]
 [ 0.79490236  0.60645215  0.01860181 -0.22615415]
 [ 0.          0.          0.          1.        ]]"
59,Ali,B10,0.20794184076401329,8.316137896860562,0.17675203433709785,11.41954953486691,"[[ 0.54697962 -0.79283994  0.26873429  0.42039719]
 [ 0.30751735 -0.10827592 -0.94536205 -0.02914701]
 [ 0.77861824  0.59973423  0.18458732 -0.12498388]
 [ 0.          0.          0.          1.        ]]"
60,Park,C5,0.07425037520857589,1.8191872996640803,0.16636886052790928,0.8195353006853582,"[[ 0.59269814 -0.72324062  0.35444594  0.39818572]
 [ 0.23777251 -0.26334101 -0.93494157 -0.01782236]
 [ 0.76952788  0.63841563  0.01588501 -0.13814744]
 [ 0.          0.          0.          1.        ]]"
61,Taylor,C5,0.0742503752085759,1.81918729966408,0.1663688605279091,0.8195353006853836,"[[ 0.59269814 -0.72324062  0.35444594  0.39818572]
 [ 0.23777251 -0.26334101 -0.93494157 -0.01782236]
 [ 0.76952788  0.63841563  0.01588501 -0.13814744]
 [ 0.          0.          0.          1.        ]]"
62,Zhuang,C5,0.0819193279857852,2.228725735743184,0.23233134894829888,6.958037217507218,"[[ 0.64001171 -0.72171168  0.26366125  0.38398152]
 [ 0.2123683  -0.16362656 -0.96339299 -0.09105342]
 [ 0.73843396  0.67257609  0.04854577 -0.1053174 ]
 [ 0.          0.          0.          1.        ]]"
63,DNL,C5,0.07405851238665936,1.8343468591025325,0.16942640624609584,1.0730208505757812,"[[ 0.58549844 -0.72978623  0.3529924   0.39781308]
 [ 0.24163394 -0.25853462 -0.93529294 -0.01885488]
 [ 0.77382467  0.6329075   0.02496951 -0.13521828]
 [ 0.          0.          0.          1.        ]]"
64,DNLO,C5,0.06736231177459956,1.8511309254699833,0.02255590890799227,1.2650523244497567,"[[ 0.58415474 -0.7371112   0.33975036  0.45815919]
 [ 0.22745925 -0.25314827 -0.94030753  0.01936376]
 [ 0.77911843  0.62656446  0.019785   -0.27869552]
 [ 0.          0.          0.          1.        ]]"
65,Ali,C5,0.07870737637556159,3.5553640540131792,0.21815693773174788,9.994821205990474,"[[ 0.43732173 -0.81030309  0.39007513  0.35449779]
 [ 0.253389   -0.30515274 -0.91797376 -0.01684856]
 [ 0.86286947  0.50029062  0.07187197 -0.0978732 ]
 [ 0.          0.          0.          1.        ]]"
66,Park,C10,0.15698821811004818,1.7286976576343294,0.20745072435588938,0.7827090874394038,"[[ 0.58647836 -0.72984674  0.35123621  0.37038277]
 [ 0.23603133 -0.26082286 -0.93608795 -0.0846668 ]
 [ 0.77481117  0.63189807  0.01929974 -0.14044604]
 [ 0.          0.          0.          1.        ]]"
67,Taylor,C10,0.15698821811004815,1.7286976576343291,0.20745072435588957,0.7827090874394038,"[[ 0.58647836 -0.72984674  0.35123621  0.37038277]
 [ 0.23603133 -0.26082286 -0.93608795 -0.0846668 ]
 [ 0.77481117  0.63189807  0.01929974 -0.14044604]
 [ 0.          0.          0.          1.        ]]"
68,Zhuang,C10,0.1604324276100655,2.3027135433705848,0.28717985558364717,4.747892477559365,"[[ 0.60269627 -0.74105715  0.29595864  0.36616319]
 [ 0.23211802 -0.19203955 -0.95354184 -0.15969311]
 [ 0.76346476  0.64339344  0.0562712  -0.09714524]
 [ 0.          0.          0.          1.        ]]"
69,DNL,C10,0.1557647814583544,1.8007392424387614,0.21235746137758588,1.7389379282881536,"[[ 0.57251722 -0.74187998  0.34905318  0.37002262]
 [ 0.2419427  -0.25390278 -0.93648124 -0.08364668]
 [ 0.78338226  0.6206025   0.03412873 -0.13281374]
 [ 0.          0.          0.          1.        ]]"
70,DNLO,C10,0.15680868509477908,1.7381119828153442,0.031174037708547767,1.282304308247144,"[[ 0.58602276 -0.73419326  0.34283755  0.46426906]
 [ 0.23396396 -0.25176529 -0.93908205  0.01370481]
 [ 0.77578231  0.63053509  0.02423457 -0.27362338]
 [ 0.          0.          0.          1.        ]]"
71,Ali,C10,0.15356399642894067,5.685120545505923,0.27694530505533094,13.702481566652025,"[[ 0.38496775 -0.84416624  0.37307264  0.36561452]
 [ 0.28687403 -0.27475572 -0.91772141 -0.06134225]
 [ 0.87721327  0.46031799  0.13639728 -0.04174526]
 [ 0.          0.          0.          1.        ]]"
72,Park,A1,0.2697570764559919,1.8862541595738045,0.7318297756564247,1.4697039778947483,"[[-0.57679196 -0.2511101  -0.77733825  0.25446415]
 [-0.78934838  0.41633975  0.45120986 -0.59102209]
 [ 0.21033346  0.87384491 -0.43835477  0.26975879]
 [ 0.          0.          0.          1.        ]]"
73,Taylor,A1,0.26975707645599234,1.8862541595738065,0.7318297756564256,1.4697039778947227,"[[-0.57679196 -0.2511101  -0.77733825  0.25446415]
 [-0.78934838  0.41633975  0.45120986 -0.59102209]
 [ 0.21033346  0.87384491 -0.43835477  0.26975879]
 [ 0.          0.          0.          1.        ]]"
74,Zhuang,A1,0.26048553831064086,3.017529925913705,0.7435100205898117,3.3925639963696423,"[[-0.60299676 -0.23338142 -0.76284206  0.29739934]
 [-0.75616833  0.47189059  0.45335276 -0.59125846]
 [ 0.25417388  0.85020726 -0.46102414  0.2762808 ]
 [ 0.          0.          0.          1.        ]]"
75,DNL,A1,0.22240484926543,2.590458046581834,0.588884242967787,2.916793390518796,"[[-0.61297824 -0.27406696 -0.74104317  0.197511  ]
 [-0.76460687  0.44209432  0.46896583 -0.57050065]
 [ 0.19908294  0.85407254 -0.48054768  0.12729354]
 [ 0.          0.          0.          1.        ]]"
76,DNLO,A1,0.225625698407012,2.567631946924656,0.46440794329013374,2.8490638950700555,"[[-0.61135075 -0.2741628  -0.74235101  0.20079121]
 [-0.76581137  0.4413965   0.46765594 -0.57981422]
 [ 0.19945728  0.85440265 -0.47980507 -0.01917266]
 [ 0.          0.          0.          1.        ]]"
77,Ali,A1,0.3247383661188679,5.46332372831507,0.48768586010034537,7.698737278388122,"[[-0.608849   -0.30646113 -0.73169971  0.31463537]
 [-0.75380577  0.51086072  0.41327738 -0.43798126]
 [ 0.24714319  0.80318298 -0.5420492   0.04645289]
 [ 0.          0.          0.          1.        ]]"
78,Park,B1,0.041004940929678664,1.8742245768333798,0.15962084117782688,4.5356435116769465,"[[-0.53544167 -0.27884197 -0.7972135   0.23682287]
 [-0.8210476   0.3930893   0.4139585  -0.31303929]
 [ 0.1979471   0.87620086 -0.43941893 -0.26114108]
 [ 0.          0.          0.          1.        ]]"
79,Taylor,B1,0.04100494092967864,1.874224576833381,0.1596208411778269,4.535643511676895,"[[-0.53544167 -0.27884197 -0.7972135   0.23682287]
 [-0.8210476   0.3930893   0.4139585  -0.31303929]
 [ 0.1979471   0.87620086 -0.43941893 -0.26114108]
 [ 0.          0.          0.          1.        ]]"
80,Zhuang,B1,0.06682597199726813,2.962628736822957,0.45376924717295,56.103403465907924,"[[ 0.32069246 -0.1247555  -0.93893153  0.4030967 ]
 [-0.90540043  0.2507993  -0.34256352 -0.03049226]
 [ 0.27822005  0.95996655 -0.03252424 -0.15051006]
 [ 0.          0.          0.          1.        ]]"
81,DNL,B1,0.04093707469173777,1.8762413480551783,0.16191904354111405,4.21497974816082,"[[-0.54347418 -0.28398075 -0.78993085  0.23470497]
 [-0.81385615  0.40875341  0.41298767 -0.31480007]
 [ 0.20560638  0.86733822 -0.4532664  -0.25772077]
 [ 0.          0.          0.          1.        ]]"
82,DNLO,B1,0.04059635113935907,1.875181099888169,0.12945315914589714,3.0084094339216607,"[[-0.55903996 -0.27248172 -0.78308878  0.1907558 ]
 [-0.80497907  0.40470363  0.43384752 -0.30011482]
 [ 0.19870335  0.87290818 -0.44558758 -0.28385013]
 [ 0.          0.          0.          1.        ]]"
83,Ali,B1,0.05729340060468395,2.639737930849433,0.37417667621716494,31.270226376145086,"[[-0.89658072 -0.21549533 -0.38691702  0.0491359 ]
 [-0.41673491  0.70623089  0.57233727 -0.09441192]
 [ 0.14991674  0.67438839 -0.72299742 -0.14941549]
 [ 0.          0.          0.          1.        ]]"
84,Park,B5,0.13442146327210913,1.8223615326308185,0.18160339721743365,0.3913249165745074,"[[-0.59776594 -0.24265096 -0.7640657   0.23238646]
 [-0.77603747  0.41423311  0.47558045 -0.34273866]
 [ 0.20110126  0.87722941 -0.43592069 -0.23611474]
 [ 0.          0.          0.          1.        ]]"
85,Taylor,B5,0.13442146327210913,1.822361532630818,0.1816033972174337,0.39132491657453283,"[[-0.59776594 -0.24265096 -0.7640657   0.23238646]
 [-0.77603747  0.41423311  0.47558045 -0.34273866]
 [ 0.20110126  0.87722941 -0.43592069 -0.23611474]
 [ 0.          0.          0.          1.        ]]"
86,Zhuang,B5,0.152372844799029,2.5415711240990984,0.3709362331092311,10.256178051573738,"[[-0.44558535 -0.24458488 -0.86118055  0.32708699]
 [-0.86321597  0.37236771  0.34088192 -0.26798115]
 [ 0.23730126  0.89527679 -0.37705117 -0.07442112]
 [ 0.          0.          0.          1.        ]]"
87,DNL,B5,0.13325933991575692,1.9343835294716265,0.1812362072805156,1.9543882510256883,"[[-0.57813698 -0.26047521 -0.7732466   0.2401743 ]
 [-0.7867811   0.42904643  0.44372815 -0.34000599]
 [ 0.2161785   0.86491146 -0.45298458 -0.2388368 ]
 [ 0.          0.          0.          1.        ]]"
88,DNLO,B5,0.13116121108514173,1.8318027502184087,0.012465707493461613,0.753016934318518,"[[-0.59716862 -0.2473466  -0.7630264   0.18144686]
 [-0.77808856  0.40971732  0.47614064 -0.33064669]
 [ 0.19485337  0.87803837 -0.43712789 -0.39725306]
 [ 0.          0.          0.          1.        ]]"
89,Ali,B5,0.14772416040317946,6.315060111886235,0.2577764664844082,18.519217695305972,"[[-0.65888433 -0.36738426 -0.65642993  0.19229781]
 [-0.69258255  0.63685281  0.3387446  -0.26917863]
 [ 0.29359981  0.67782542 -0.67405627 -0.15915791]
 [ 0.          0.          0.          1.        ]]"
90,Park,B10,0.20959405542080095,1.7220868987297437,0.18607817662381207,0.40213544913543403,"[[-0.59746409 -0.23926726 -0.76536778  0.26248138]
 [-0.77590055  0.41353986  0.47640647 -0.38093665]
 [ 0.20252161  0.87848504 -0.43272282 -0.25082979]
 [ 0.          0.          0.          1.        ]]"
91,Taylor,B10,0.20959405542080084,1.7220868987297442,0.18607817662381193,0.4021354491354086,"[[-0.59746409 -0.23926726 -0.76536778  0.26248138]
 [-0.77590055  0.41353986  0.47640647 -0.38093665]
 [ 0.20252161  0.87848504 -0.43272282 -0.25082979]
 [ 0.          0.          0.          1.        ]]"
92,Zhuang,B10,0.2115992385927753,2.968288524988681,0.2953826705308449,7.22801884972346,"[[-0.49686314 -0.22257011 -0.83880246  0.31047516]
 [-0.82798052  0.41110268  0.38136969 -0.31364983]
 [ 0.25995244  0.88400064 -0.38854548 -0.14484045]
 [ 0.          0.          0.          1.        ]]"
93,DNL,B10,0.2043020135135235,2.083330608814015,0.18985572502332293,2.7101934954240963,"[[-0.56356594 -0.25304486 -0.7863598   0.27355448]
 [-0.7936616   0.42988488  0.43046516 -0.37396258]
 [ 0.22911719  0.86669908 -0.44310046 -0.25034782]
 [ 0.          0.          0.          1.        ]]"
94,DNLO,B10,0.22085339211557045,1.7730338614253198,0.3381514132847366,0.9769111125699719,"[[-0.59281127 -0.25297278 -0.76457804  0.27066336]
 [-0.78188944  0.40823294  0.47116321 -0.46821422]
 [ 0.19293447  0.87712635 -0.43980184 -0.70429062]
 [ 0.          0.          0.          1.        ]]"
95,Ali,B10,0.2056769870794437,6.523820316479014,0.23926558302149664,12.1100969931779,"[[-0.57700778 -0.29534689 -0.76146716  0.25469026]
 [-0.74376992  0.57521452  0.34049165 -0.33834328]
 [ 0.33744382  0.7628227  -0.55157339 -0.18233249]
 [ 0.          0.          0.          1.        ]]"
96,Park,C5,0.11584660643488832,1.8076971379471816,0.37509296393281766,2.987103158651398,"[[-0.55737436 -0.26788574 -0.78585689  0.22429849]
 [-0.80560937  0.40343426  0.43385981 -0.34709781]
 [ 0.20081674  0.87491601 -0.44067518 -0.03750101]
 [ 0.          0.          0.          1.        ]]"
97,Taylor,C5,0.11584660643488832,1.8076971379471811,0.3750929639328177,2.9871031586513728,"[[-0.55737436 -0.26788574 -0.78585689  0.22429849]
 [-0.80560937  0.40343426  0.43385981 -0.34709781]
 [ 0.20081674  0.87491601 -0.44067518 -0.03750101]
 [ 0.          0.          0.          1.        ]]"
98,Zhuang,C5,0.13425214052080814,3.3049571826348925,0.5757872555584604,27.1884172018543,"[[-0.1801397  -0.1654389  -0.96962862  0.34122263]
 [-0.94135986  0.31490004  0.12115934 -0.2434556 ]
 [ 0.28529162  0.93459507 -0.21246354  0.13660651]
 [ 0.          0.          0.          1.        ]]"
99,DNL,C5,0.11537852812149338,1.850727022576637,0.38693575819391046,2.9826751691450633,"[[-0.56275202 -0.25096426 -0.78760848  0.225009  ]
 [-0.7920477   0.43639724  0.42686988 -0.34883198]
 [ 0.23658108  0.86404536 -0.44435909 -0.02573227]
 [ 0.          0.          0.          1.        ]]"
100,DNLO,C5,0.11233026923483229,1.8238533098851077,0.016527989331078463,0.7367370260754119,"[[-0.59037684 -0.25092188 -0.76713323  0.18909824]
 [-0.78055625  0.41936233  0.46353767 -0.34005622]
 [ 0.20539504  0.87245255 -0.44344045 -0.40074875]
 [ 0.          0.          0.          1.        ]]"
101,Ali,C5,0.14169815160498322,4.907832967010643,0.49576005805017803,31.806095654704723,"[[-0.85548699 -0.13998866 -0.49854306  0.09158394]
 [-0.40130382  0.78768457  0.46744867 -0.17153076]
 [ 0.32725717  0.5999635  -0.73003188  0.05199518]
 [ 0.          0.          0.          1.        ]]"
102,Park,C10,0.20498774506703163,2.0156326652846674,0.4295949960910832,1.8144427827643241,"[[-0.58287488 -0.22229549 -0.78156356  0.21259931]
 [-0.78491683  0.40279256  0.47081178 -0.30547598]
 [ 0.21014864  0.88788674 -0.40926114  0.01815028]
 [ 0.          0.          0.          1.        ]]"
103,Taylor,C10,0.20498774506703168,2.0156326652846683,0.42959499609108315,1.8144427827643241,"[[-0.58287488 -0.22229549 -0.78156356  0.21259931]
 [-0.78491683  0.40279256  0.47081178 -0.30547598]
 [ 0.21014864  0.88788674 -0.40926114  0.01815028]
 [ 0.          0.          0.          1.        ]]"
104,Zhuang,C10,0.21484072374473825,4.54061140656861,0.6921823316022119,22.634833574765103,"[[-0.2772089  -0.1114588  -0.95432288  0.375169  ]
 [-0.90393041  0.36692572  0.21971647 -0.16392408]
 [ 0.32567627  0.92354884 -0.20246607  0.23375424]
 [ 0.          0.          0.          1.        ]]"
105,DNL,C10,0.20029001595228357,2.30858275036966,0.4316409866352129,3.876677819227864,"[[-0.55504759 -0.22932084 -0.79958372  0.22581606]
 [-0.79066947  0.44404095  0.42150851 -0.2988014 ]
 [ 0.25838723  0.86616372 -0.42778085  0.01858897]
 [ 0.          0.          0.          1.        ]]"
106,DNLO,C10,0.21181593018883701,2.0689264596361276,0.22081817936868614,1.2108393388233558,"[[-0.59122992 -0.22288796 -0.77509234  0.26409811]
 [-0.7746649   0.42430893  0.46888828 -0.46580406]
 [ 0.22436905  0.87765762 -0.42352761 -0.56148507]
 [ 0.          0.          0.          1.        ]]"
107,Ali,C10,0.2134094461296505,8.278398472311698,0.5517823973710313,28.336566249113947,"[[-0.69729737 -0.34034578 -0.63082576  0.151589  ]
 [-0.59477199  0.76589892  0.2442235  -0.14174872]
 [ 0.40002833  0.5454939  -0.73648744  0.10860832]
 [ 0.          0.          0.          1.        ]]"
108,Park,A1,0.26098865159400764,1.6174014776527035,0.18567478500206233,0.713335790092161,"[[ 0.98898814 -0.12498304  0.0792571   0.22736779]
 [ 0.14090487  0.95897008 -0.24601261  0.16802909]
 [-0.04525779  0.25447127  0.96602076  0.28102898]
 [ 0.          0.          0.          1.        ]]"
109,Taylor,A1,0.2609886515940075,1.6174014776527028,0.18567478500206253,0.713335790092161,"[[ 0.98898814 -0.12498304  0.0792571   0.22736779]
 [ 0.14090487  0.95897008 -0.24601261  0.16802909]
 [-0.04525779  0.25447127  0.96602076  0.28102898]
 [ 0.          0.          0.          1.        ]]"
110,Zhuang,A1,0.1296290495513046,8.113277041973124,0.19393200929578422,5.9845457795395935,"[[ 0.97782186 -0.19723184  0.07045577  0.27584183]
 [ 0.20603527  0.96626663 -0.15452596  0.15438388]
 [-0.03760162  0.16561523  0.98547334  0.30267912]
 [ 0.          0.          0.          1.        ]]"
111,DNL,A1,0.1720527824334789,4.780167918693193,0.1933749395173887,4.21280068288936,"[[ 0.97730924 -0.19172088  0.09005417  0.28016434]
 [ 0.20605392  0.95901795 -0.19448999  0.15350743]
 [-0.04907577  0.20863288  0.97676194  0.29392539]
 [ 0.          0.          0.          1.        ]]"
112,DNLO,A1,0.19901956599836074,3.187272619375906,0.21067159565769,4.507258871044819,"[[ 0.97350464 -0.20089246  0.10922883  0.32009406]
 [ 0.22057267  0.95095337 -0.21687644  0.13617434]
 [-0.06030268  0.23522312  0.9700689   0.32540893]
 [ 0.          0.          0.          1.        ]]"
113,Ali,A1,0.4633419646243602,19.775317148142385,0.18978704891865042,16.50022987669843,"[[ 1.00000000e+00 -2.01115362e-08  2.30227478e-09  2.77395356e-01]
 [ 2.01115362e-08  1.00000000e+00 -1.22792660e-08  1.26719315e-01]
 [-2.30227453e-09  1.22792660e-08  1.00000000e+00  3.49962368e-01]
 [ 0.00000000e+00  0.00000000e+00  0.00000000e+00  1.00000000e+00]]"
114,Park,B1,0.029868944585513327,1.7910076361736635,0.0365671105407853,4.9661896738325595,"[[ 0.97337001 -0.21235395  0.08635173  0.19090607]
 [ 0.22617772  0.95098968 -0.21086079  0.01072007]
 [-0.03734248  0.22477641  0.97369456  0.22848631]
 [ 0.          0.          0.          1.        ]]"
115,Taylor,B1,0.02986894458551331,1.7910076361736618,0.03656711054078533,4.9661896738324325,"[[ 0.97337001 -0.21235395  0.08635173  0.19090607]
 [ 0.22617772  0.95098968 -0.21086079  0.01072007]
 [-0.03734248  0.22477641  0.97369456  0.22848631]
 [ 0.          0.          0.          1.        ]]"
116,Zhuang,B1,0.029487414403064502,1.799106042291479,0.04401156225342619,2.231794536776675,"[[ 9.86286065e-01 -1.54992207e-01  5.67204845e-02  1.92395062e-01]
 [ 1.63845284e-01  9.60840229e-01 -2.23474333e-01 -3.05870001e-05]
 [-1.98625432e-02  2.29703005e-01  9.73058071e-01  2.15137843e-01]
 [ 0.00000000e+00  0.00000000e+00  0.00000000e+00  1.00000000e+00]]"
117,DNL,B1,0.0295597532169052,1.7918420515602353,0.040663252368349424,3.173830458394477,"[[ 0.98025503 -0.17705047  0.08805229  0.19167956]
 [ 0.19180925  0.95960776 -0.2058207   0.0057871 ]
 [-0.04805501  0.21864602  0.97462025  0.22076676]
 [ 0.          0.          0.          1.        ]]"
118,DNLO,B1,0.029503904886729385,1.7913035008139033,0.046142942602308605,3.4037179358084284,"[[ 0.97921652 -0.18257291  0.08832971  0.17712592]
 [ 0.19737033  0.95805673 -0.20777934 -0.00409775]
 [-0.04669     0.22089463  0.97417945  0.21253452]
 [ 0.          0.          0.          1.        ]]"
119,Ali,B1,0.07707336428454419,12.843455324080525,0.14628883995729466,173.8895813224726,"[[ 0.88289653  0.02932664 -0.46865091  0.09328293]
 [ 0.07627476 -0.99374967  0.08150925 -0.03624495]
 [-0.46333129 -0.10771047 -0.87961501  0.14691697]
 [ 0.          0.          0.          1.        ]]"
120,Park,B5,0.07435362161791259,1.7679616327519403,0.030986988208178443,0.27600282840564483,"[[ 0.98865147 -0.12600609  0.08179693  0.19663963]
 [ 0.14184022  0.96233922 -0.23191501  0.00747197]
 [-0.04949369  0.24088521  0.96929082  0.27938356]
 [ 0.          0.          0.          1.        ]]"
121,Taylor,B5,0.07435362161791258,1.7679616327519383,0.03098698820817878,0.27600282840561935,"[[ 0.98865147 -0.12600609  0.08179693  0.19663963]
 [ 0.14184022  0.96233922 -0.23191501  0.00747197]
 [-0.04949369  0.24088521  0.96929082  0.27938356]
 [ 0.          0.          0.          1.        ]]"
122,Zhuang,B5,0.07408118021352113,1.7994626174478772,0.031708167950866194,1.0504706320248005,"[[ 0.98817752 -0.12723815  0.0855315   0.19603129]
 [ 0.14314215  0.9655174  -0.21745453  0.00744276]
 [-0.05491364  0.22712684  0.97231574  0.28066856]
 [ 0.          0.          0.          1.        ]]"
123,DNL,B5,0.07429007674677292,1.7870230231680142,0.03841945055443868,1.3374794108648418,"[[ 0.98473349 -0.14980011  0.08865595  0.19561695]
 [ 0.16630973  0.96003412 -0.22511235  0.0107116 ]
 [-0.05139088  0.23642001  0.97029096  0.28711854]
 [ 0.          0.          0.          1.        ]]"
124,DNLO,B5,0.07280954092873877,1.77002363193781,0.02666956455436353,0.513648218977415,"[[ 0.98753358 -0.13454033  0.08170882  0.18538731]
 [ 0.14993896  0.96201822 -0.22812112 -0.00375796]
 [-0.04791388  0.2375286   0.97019814  0.28271359]
 [ 0.          0.          0.          1.        ]]"
125,Ali,B5,0.2681288766730303,36.32214879436507,0.016127267717712078,93.0339934911007,"[[ 0.76885196  0.16682136  0.61728219  0.17342541]
 [ 0.63920918 -0.1753333  -0.74877891 -0.00598475]
 [-0.01668219  0.97027257 -0.2414391   0.24892621]
 [ 0.          0.          0.          1.        ]]"
126,Park,B10,0.13388776414587733,1.7833991192640029,0.07556967584353713,0.29836480846718005,"[[ 0.98885876 -0.12507609  0.08071138  0.21069481]
 [ 0.14074302  0.96216023 -0.23332188  0.01715752]
 [-0.04847429  0.24208195  0.96904415  0.32269154]
 [ 0.          0.          0.          1.        ]]"
127,Taylor,B10,0.13388776414587733,1.7833991192640026,0.07556967584353763,0.2983648084671292,"[[ 0.98885876 -0.12507609  0.08071138  0.21069481]
 [ 0.14074302  0.96216023 -0.23332188  0.01715752]
 [-0.04847429  0.24208195  0.96904415  0.32269154]
 [ 0.          0.          0.          1.        ]]"
128,Zhuang,B10,0.1329462717220528,1.829403447808761,0.0839303470077482,1.1118514409692997,"[[ 0.98584606 -0.14698285  0.08064478  0.20887002]
 [ 0.16179689  0.96013384 -0.22795784  0.01900104]
 [-0.04392389  0.23777942  0.97032553  0.33203169]
 [ 0.          0.          0.          1.        ]]"
129,DNL,B10,0.1331871098620541,1.8968834787993265,0.08991627762089656,2.07418911393426,"[[ 0.98275465 -0.16400355  0.08541744  0.20699118]
 [ 0.17941561  0.95751295 -0.22578529  0.02148445]
 [-0.04475871  0.23721677  0.97042509  0.3382228 ]
 [ 0.          0.          0.          1.        ]]"
130,DNLO,B10,0.13158983773548008,1.7873601067345508,0.08404483953389884,0.6228020043221171,"[[ 0.98971327 -0.11905667  0.07932944  0.18259788]
 [ 0.13460616  0.96276754 -0.23443518 -0.01212611]
 [-0.04846474  0.24270184  0.96888956  0.34115196]
 [ 0.          0.          0.          1.        ]]"
131,Ali,B10,0.3915155406948614,30.87215977019907,0.06948818708696933,56.83941354234332,"[[ 0.70754464 -0.27097016  0.65265286  0.19086383]
 [ 0.69917052  0.40260957 -0.59081818  0.01503719]
 [-0.10267019  0.87434587  0.47431859  0.32125986]
 [ 0.          0.          0.          1.        ]]"
132,Park,C5,0.04975759796346808,1.7129623663735416,0.07823173479581258,2.748976862018233,"[[ 0.97998101 -0.17436488  0.09609426  0.17211634]
 [ 0.19244776  0.95327705 -0.23286632  0.0312863 ]
 [-0.05100075  0.2466977   0.96774954  0.32119832]
 [ 0.          0.          0.          1.        ]]"
133,Taylor,C5,0.0497575979634681,1.712962366373543,0.07823173479581284,2.7489768620182837,"[[ 0.97998101 -0.17436488  0.09609426  0.17211634]
 [ 0.19244776  0.95327705 -0.23286632  0.0312863 ]
 [-0.05100075  0.2466977   0.96774954  0.32119832]
 [ 0.          0.          0.          1.        ]]"
134,Zhuang,C5,0.049622702268721244,1.7153945120026457,0.0765767078779768,2.330763669003288,"[[ 0.98136801 -0.16755365  0.0940351   0.17270408]
 [ 0.18524789  0.95499954 -0.23164434  0.02984189]
